-9.719221050210419344e+04
-9.719751560272730421e+04
-9.720008450219570659e+04
-9.718118386160720547e+04
-9.719744495872869447e+04
-9.719815950396649714e+04
-9.720095223042050202e+04
-9.719560841193099623e+04
-9.719756042835800326e+04
-9.720064461134720477e+04
-9.719366337010680581e+04
-9.719789273561139998e+04
-9.720287929531830014e+04
-9.719010556880659715e+04
-9.719931093306960247e+04
-9.718738104103169462e+04
-9.719882209654190228e+04
-9.719812223060040560e+04
-9.720203151014540344e+04
-9.719360423875729612e+04
-9.719323836232180474e+04
-9.719090297287980502e+04
-9.719824066901920014e+04
-9.719394275293449755e+04
-9.719524615435619489e+04
-9.719665205234609311e+04
-9.718994388485219679e+04
-9.719537434707240027e+04
-9.719513756362920685e+04
-9.720249002508010017e+04
-9.719288859400199726e+04
-9.719810300703140092e+04
-9.719778259592079849e+04
-9.719572630220529390e+04
-9.718957364055579819e+04
-9.719152950852249342e+04
-9.719352581811690470e+04
-9.719714133301620313e+04
-9.720271678488100588e+04
-9.719940235882499837e+04
-9.719645425911209895e+04
-9.719609169852429477e+04
-9.719315398473170353e+04
-9.719018927234259900e+04
-9.719793924856800004e+04
-9.719141163992500515e+04
-9.718899644437679672e+04
-9.719192565558769275e+04
-9.719946376369439531e+04
-9.719307754843440489e+04
-9.719392609529070614e+04
-9.720235790795349749e+04
-9.719953985823740368e+04
-9.720346236542970291e+04
-9.719639877337329381e+04
-9.719868207640270703e+04
-9.719658171343589493e+04
-9.719846353438819642e+04
-9.718913177496319986e+04
-9.719602601203969971e+04
-9.719369805817700399e+04
-9.719801081474999955e+04
-9.719685741721540398e+04
-9.719771479042069404e+04
-9.720219426225509960e+04
-9.719857827392680338e+04
-9.719900290329150448e+04
-9.718818547482209397e+04
-9.719970756786120182e+04
-9.718720310921590135e+04
-9.719638768572639674e+04
-9.720103692532099376e+04
-9.719201312418709858e+04
-9.719169308757649560e+04
-9.719500346331250330e+04
-9.719357469406750170e+04
-9.719731226970540592e+04
-9.719591777090770483e+04
-9.719301094806820038e+04
-9.720108090394509782e+04
-9.719677346139920701e+04
-9.718971633062229375e+04
-9.719729646690869413e+04
-9.718847607789370522e+04
-9.718821167091840471e+04
-9.719352258090490068e+04
-9.719449733913219825e+04
-9.719327014663279988e+04
-9.719504572532410384e+04
-9.720101032889689668e+04
-9.719896034426249389e+04
-9.718861722775940143e+04
-9.719876728762440325e+04
-9.719340183575930132e+04
-9.719693679140129825e+04
-9.719571980910250568e+04
-9.719844456194639497e+04
-9.719460033149790252e+04
-9.720184828897709667e+04
-9.719610318672949506e+04
-9.719694030948830186e+04
-9.718612302030340652e+04
-9.719510514977069397e+04
-9.719289925526299339e+04
-9.720129721671559673e+04
-9.719934375463520701e+04
-9.719276459434909339e+04
-9.719978299296209298e+04
-9.719315006239680224e+04
-9.719456453998989309e+04
-9.719340213300719915e+04
-9.719856561587010219e+04
-9.719809893711030600e+04
-9.719583061062519846e+04
-9.719603871229689685e+04
-9.718893083837280574e+04
-9.719164038821980648e+04
-9.720265378377420711e+04
-9.719286933422820584e+04
-9.718759467326710001e+04
-9.719860738508209761e+04
-9.719083687638229458e+04
-9.719352089657699980e+04
-9.719277076968029724e+04
-9.720032290055519843e+04
-9.719465431208760128e+04
-9.719587890522439557e+04
-9.719762447087019973e+04
-9.719608560090650280e+04
-9.719180022688499594e+04
-9.719868393299149466e+04
-9.718877575659670401e+04
-9.719629676822110196e+04
-9.720135948888470011e+04
-9.719668936860449321e+04
-9.719439003194430552e+04
-9.720012887238459371e+04
-9.719748868345830124e+04
-9.719880522236140678e+04
-9.719266079602409445e+04
-9.719819014863499615e+04
-9.720063343145890394e+04
-9.719963882726390148e+04
-9.719484808567209984e+04
-9.719466523923449859e+04
-9.719839521348920243e+04
-9.719726582869709819e+04
-9.719662860896369966e+04
-9.720386652366039925e+04
-9.718932050824690668e+04
-9.719825943184239441e+04
-9.719387024196999846e+04
-9.719750461608469777e+04
-9.719565407488300116e+04
-9.719359865653839370e+04
-9.719646942797969677e+04
-9.720030053985619452e+04
-9.720185177800810197e+04
-9.718958267121949757e+04
-9.719246717948070727e+04
-9.718950508259650087e+04
-9.719509084451310628e+04
-9.719460675634209474e+04
-9.719952682821720373e+04
-9.719319133373579825e+04
-9.719765478900419839e+04
-9.719016439022500708e+04
-9.719537501351650280e+04
-9.719435346076589485e+04
-9.719499810108929523e+04
-9.720135964039119426e+04
-9.718675777788329287e+04
-9.719392485810289509e+04
-9.719113237931710319e+04
-9.719610571575800714e+04
-9.719205899214559759e+04
-9.719502697495359462e+04
-9.719559856147189566e+04
-9.720103373192370054e+04
-9.720070870851249492e+04
-9.719499493513390189e+04
-9.719818295449760626e+04
-9.719606541733519407e+04
-9.720074642555970058e+04
-9.720188121223880444e+04
-9.719217837188790145e+04
-9.719758031168360321e+04
-9.718807912164089794e+04
-9.719441532223019749e+04
-9.719707372744930035e+04
-9.719063241916829429e+04
-9.719458029943310248e+04
-9.719682153577200370e+04
-9.718767356249390286e+04
-9.719211395948770223e+04
-9.719974432767329563e+04
-9.719414998707579798e+04
-9.719475852065629442e+04
-9.719231041775799531e+04
-9.719951630462649337e+04
-9.719763936831749743e+04
-9.719204339112699381e+04
-9.719534687896710238e+04
-9.720385281243750069e+04
-9.719858914803489461e+04
-9.719168272932850232e+04
-9.719486305183920194e+04
-9.719486263928949484e+04
-9.719775750003369467e+04
-9.720319202594879607e+04
-9.719848951694570133e+04
-9.720109351080779743e+04
-9.718992167496790353e+04
-9.720171761888750189e+04
-9.719466397414369567e+04
-9.718814697649009759e+04
-9.719903447544730443e+04
-9.719706634329460212e+04
-9.719905525582049449e+04
-9.719987992483729613e+04
-9.719973604047529807e+04
-9.719843408124790585e+04
-9.720271590535920404e+04
-9.720239310934720561e+04
-9.719966609289929329e+04
-9.719197300886339508e+04
-9.718964836923420080e+04
-9.719652273359299579e+04
-9.718891330789480708e+04
-9.720075102909740235e+04
-9.719574815811320150e+04
-9.719489037581729644e+04
-9.719279070673650131e+04
-9.719649799652489310e+04
-9.719509400539529452e+04
-9.719047141065160395e+04
-9.719164917559680180e+04
-9.719895391987959738e+04
-9.718865145946529810e+04
-9.720256223141739611e+04
-9.719530563368629373e+04
-9.718904219611120061e+04
-9.719965383355600352e+04
-9.719432000388769666e+04
-9.719594522148709802e+04
-9.719678587639979378e+04
-9.719710670628640219e+04
-9.719730799500830472e+04
-9.719321819604569464e+04
-9.719921175995899830e+04
-9.720108513805590337e+04
-9.719849782674289600e+04
-9.720039579824189423e+04
-9.720259717269039538e+04
-9.718948756111190596e+04
-9.719055443252369878e+04
-9.719574184810959559e+04
-9.719378612842090661e+04
-9.718918843516550260e+04
-9.719817843397730030e+04
-9.719659534971270477e+04
-9.719525032274500700e+04
-9.719119598668049730e+04
-9.719622948134830222e+04
-9.719595452818319609e+04
-9.719414469887639279e+04
-9.719275519402809732e+04
-9.720064944618020672e+04
-9.720029807793330110e+04
-9.719707966364460299e+04
-9.719251889369920536e+04
-9.720164255260549544e+04
-9.719066524811320414e+04
-9.719589572751910600e+04
-9.720143543145990407e+04
-9.719706891821330646e+04
-9.719592916687139950e+04
-9.719720436640750268e+04
-9.720129271279860404e+04
-9.720134018552690395e+04
-9.719394070263880712e+04
-9.719802460852899821e+04
-9.719506646880079643e+04
-9.719562759399130300e+04
-9.719853975138159876e+04
-9.719714479575830046e+04
-9.719312648088290007e+04
-9.719358076239860384e+04
-9.718389947540379944e+04
-9.719438082509959349e+04
-9.719765964044060092e+04
-9.719686094222050451e+04
-9.719873179405610426e+04
-9.719707608052740397e+04
-9.719960026920560631e+04
-9.719848389944450173e+04
-9.719572078178809898e+04
-9.720093278086009377e+04
-9.719677253783220658e+04
-9.719866511851310497e+04
-9.719553364520300238e+04
-9.719477566187569755e+04
-9.719385293310189445e+04
-9.720041751993850630e+04
-9.719725904572580475e+04
-9.719789050752039475e+04
-9.719778221058229974e+04
-9.719934416234219680e+04
-9.719650077691129991e+04
-9.719715767611679621e+04
-9.720116960650379770e+04
-9.719634503284189850e+04
-9.719160900400590617e+04
-9.717749409583989473e+04
-9.719201665403480001e+04
-9.720036492296980578e+04
-9.719802494382639998e+04
-9.719140899213560624e+04
-9.720029854997860093e+04
-9.719367917520939955e+04
-9.719198296378589293e+04
-9.719148285697330721e+04
-9.719507516555060283e+04
-9.719553845789800107e+04
-9.720271234622479824e+04
-9.719424505521349784e+04
-9.719017086372639460e+04
-9.719430047177120287e+04
-9.719289528542369953e+04
-9.720019449084109510e+04
-9.719413452672539279e+04
-9.719897606634799740e+04
-9.719604638101630553e+04
-9.719298271574289538e+04
-9.719957505571079673e+04
-9.719315466916290461e+04
-9.719097983487120655e+04
-9.719363842365070013e+04
-9.719609881656250218e+04
-9.720221177981939400e+04
-9.720057089294270554e+04
-9.719242401442579285e+04
-9.719288453307430609e+04
-9.719845536018589337e+04
-9.719004637265759811e+04
-9.718480116045520117e+04
-9.719702285608659440e+04
-9.720261945313929755e+04
-9.719795004265659372e+04
-9.719680502179419273e+04
-9.719853994462729315e+04
-9.719202879254189611e+04
-9.719213348952870001e+04
-9.720261560828720394e+04
-9.719806705248670187e+04
-9.719257414675899781e+04
-9.719907733702799305e+04
-9.719616587744389835e+04
-9.719237545417129877e+04
-9.719470784968799853e+04
-9.719393421783779922e+04
-9.719962714212329593e+04
-9.719782071467929927e+04
-9.718586336537450552e+04
-9.719438577131400234e+04
-9.719654722276219400e+04
-9.719771147180569824e+04
-9.719415874816400174e+04
-9.719631531150979572e+04
-9.718473816050139430e+04
-9.719909990296409524e+04
-9.719003602870690520e+04
-9.719620684507809347e+04
-9.718809456930810120e+04
-9.718710570967680542e+04
-9.719757886095700087e+04
-9.719073481150380394e+04
-9.719733833643319667e+04
-9.718615597308230645e+04
-9.719490453279680514e+04
-9.719108293285340187e+04
-9.720074609026219696e+04
-9.719903826841359842e+04
-9.719483709672349505e+04
-9.719049652429520211e+04
-9.719253253205139481e+04
-9.719320571255580580e+04
-9.720468181126570562e+04
-9.719361575025340426e+04
-9.719417800378680113e+04
-9.720057906230230583e+04
-9.719819570687120722e+04
-9.719823187334049726e+04
-9.718678179708259995e+04
-9.719844490739049797e+04
-9.719587073033029446e+04
-9.719590197595159407e+04
-9.720286047253820288e+04
-9.719401492606490501e+04
-9.719237913898470288e+04
-9.720078326124040177e+04
-9.720064648569250130e+04
-9.719383389401569730e+04
-9.719970935918920441e+04
-9.719430714382229780e+04
-9.719706775089839357e+04
-9.719714927753740631e+04
-9.719592587223919691e+04
-9.719325707003069692e+04
-9.719594853226159466e+04
-9.719701286288390111e+04
-9.720145865646080347e+04
-9.719221392333769472e+04
-9.718534030359769531e+04
-9.718834315388540563e+04
-9.720172681166540133e+04
-9.719387846828860347e+04
-9.719603675078350352e+04
-9.719915900179849996e+04
-9.719710306413470244e+04
-9.719363394602260087e+04
-9.719910977948139771e+04
-9.719287452949449653e+04
-9.719357688387829694e+04
-9.720153168282420665e+04
-9.720225500091099821e+04
-9.719547409853659337e+04
-9.719823325119640504e+04
-9.719218612962019688e+04
-9.720015994182470604e+04
-9.719886769492490566e+04
-9.719771520550700370e+04
-9.719073516109869524e+04
-9.719085282884059416e+04
-9.719013192009909835e+04
-9.720249652394790610e+04
-9.719731756874319399e+04
-9.719139470094490389e+04
-9.719447892936300195e+04
-9.719042805511810002e+04
-9.719607657208769524e+04
-9.719488330897310516e+04
-9.719962789711919322e+04
-9.720018160886839905e+04
-9.720099442048389756e+04
-9.719997132545699424e+04
-9.719932616327780124e+04
-9.719451851798819553e+04
-9.719384580030500365e+04
-9.719451325307969819e+04
-9.719150474055360246e+04
-9.719565566743079398e+04
-9.719488999301550211e+04
-9.719518625648069428e+04
-9.719973806471280113e+04
-9.719893158800610399e+04
-9.720341805058569298e+04
-9.719231160651909886e+04
-9.719343408104669652e+04
-9.719566201018009451e+04
-9.719650267293330398e+04
-9.719305312291170412e+04
-9.719819627876789309e+04
-9.719195781278460345e+04
-9.719459132158859575e+04
-9.719892239661180065e+04
-9.719733966978259559e+04
-9.719844686682839529e+04
-9.718963322065969987e+04
-9.719516997218389588e+04
-9.720031541355140507e+04
-9.719802501531349844e+04
-9.719541039270549663e+04
-9.719470150347969320e+04
-9.719459952853659343e+04
-9.719953781762700237e+04
-9.720283816303320054e+04
-9.719742017185030272e+04
-9.720155271824490046e+04
-9.719338700818490179e+04
-9.719709371754429594e+04
-9.719954741488340369e+04
-9.719181924544740468e+04
-9.719825592897519527e+04
-9.719913892776379362e+04
-9.719448858865180227e+04
-9.719243301003769739e+04
-9.718967399043610203e+04
-9.719840753463419969e+04
-9.719979109314069501e+04
-9.720136150020849891e+04
-9.719725562818189792e+04
-9.719804644737219496e+04
-9.719215710840039537e+04
-9.719846688597940374e+04
-9.719667965904409357e+04
-9.720283922265630099e+04
-9.719455640798810055e+04
-9.719562054444229580e+04
-9.719203394837489759e+04
-9.719577126135540311e+04
-9.719564049971620261e+04
-9.719904714803199749e+04
-9.720036706712120213e+04
-9.718587098336110648e+04
-9.718626294866240642e+04
-9.719624931186570029e+04
-9.720081065855039924e+04
-9.719757386377919465e+04
-9.718967940270020335e+04
-9.720153379953370313e+04
-9.719242894795699976e+04
-9.719769195813749684e+04
-9.718556252904189751e+04
-9.719717685656290269e+04
-9.720102174146409379e+04
-9.718867764587640704e+04
-9.718669923803179699e+04
-9.719617184292590537e+04
-9.719993903589369438e+04
-9.719581238049610693e+04
-9.719900591981589969e+04
-9.719942213353639818e+04
-9.719190080829120416e+04
-9.719658541439150576e+04
-9.719604945288550516e+04
-9.719985611986859294e+04
-9.719852021511430212e+04
-9.719341328729850648e+04
-9.719650540489290142e+04
-9.718738097600149922e+04
-9.719511939345700375e+04
-9.719069599309419573e+04
-9.718726779995459947e+04
-9.718086340529819427e+04
-9.719769471015970339e+04
-9.719668094350560568e+04
-9.719589883605430077e+04
-9.719724820205739525e+04
-9.719903857626930403e+04
-9.718965310075679736e+04
-9.719939741791450069e+04
-9.719580187028039654e+04
-9.718577679105549760e+04
-9.719512595251240418e+04
-9.718805018020980060e+04
-9.718933964234169980e+04
-9.719621336677570071e+04
-9.718793974211819295e+04
-9.720267203027609503e+04
-9.720355885316249623e+04
-9.720213791797960585e+04
-9.718875595928619441e+04
-9.719246917097250116e+04
-9.719729696132260142e+04
-9.719287744547569309e+04
-9.719417682886199327e+04
-9.719446387187679647e+04
-9.719939354446750076e+04
-9.718775621632279945e+04
-9.719212270535599964e+04
-9.719523099171489594e+04
-9.719475802947080228e+04
-9.719304846080069547e+04
-9.719925447095569689e+04
-9.719714041982630442e+04
-9.719988264526679995e+04
-9.719312460238680069e+04
-9.720166039232289768e+04
-9.720227508278620371e+04
-9.719986364030999539e+04
-9.719791722547249810e+04
-9.718836265025830653e+04
-9.720011084726199624e+04
-9.719279709814309899e+04
-9.719531450062150543e+04
-9.719509818785100651e+04
-9.719547575450039585e+04
-9.719791097634829930e+04
-9.719967051979470125e+04
-9.718707778935809620e+04
-9.719964190097790561e+04
-9.720215739290640340e+04
-9.720064374865949503e+04
-9.719922895121929469e+04
-9.719727114203240490e+04
-9.718946396345579706e+04
-9.720073127721580386e+04
-9.718474111015080416e+04
-9.720501053886099544e+04
-9.719607966009920347e+04
-9.719761443108560343e+04
-9.719729769948449393e+04
-9.719901296682820248e+04
-9.719346552452570177e+04
-9.719642755222889537e+04
-9.719286228975250560e+04
-9.719406466355020530e+04
-9.719363751438110194e+04
-9.719012645617980161e+04
-9.719732829918530479e+04
-9.719522841610430623e+04
-9.719531881774960493e+04
-9.719697718206560239e+04
-9.719126355788740329e+04
-9.719262045678449795e+04
-9.719257986249729584e+04
-9.719340227944040089e+04
-9.719465995726130495e+04
-9.719927248777649947e+04
-9.719980150442749436e+04
-9.719836529775839881e+04
-9.720082245207460073e+04
-9.719826975573049276e+04
-9.719117917176510673e+04
-9.719679092200439482e+04
-9.719164219176980259e+04
-9.720440383558049507e+04
-9.719810764031700091e+04
-9.719555961092650250e+04
-9.719774901820630475e+04
-9.719937886401799915e+04
-9.719656802204489941e+04
-9.718970064151320548e+04
-9.719857636314620322e+04
-9.719851292735179595e+04
-9.720083410446949711e+04
-9.719502214334899327e+04
-9.719180464109720197e+04
-9.719484442507209314e+04
-9.718924573183359462e+04
-9.719711269183090189e+04
-9.719833231361740036e+04
-9.719610836562280019e+04
-9.719405896533769555e+04
-9.719208453563410148e+04
-9.719004557984269923e+04
-9.720325202505920606e+04
-9.719717183678600122e+04
-9.719687775967259950e+04
-9.720068945750170678e+04
-9.720104310457239626e+04
-9.720086927173379809e+04
-9.719963592327400693e+04
-9.720070508919049462e+04
-9.719440808335569454e+04
-9.719013068498679786e+04
-9.719735465970200312e+04
-9.718491064154219930e+04
-9.718900927492490155e+04
-9.720059232523200626e+04
-9.719439767691149609e+04
-9.719528515425069781e+04
-9.719987614962739462e+04
-9.720486048746960296e+04
-9.719886870727430505e+04
-9.718894039227580652e+04
-9.720379251976880187e+04
-9.720000956620479701e+04
-9.719328474729339359e+04
-9.719693807909129828e+04
-9.719495259817609622e+04
-9.719838297674509522e+04
-9.720226884657579649e+04
-9.719543209226429462e+04
-9.719173194726409565e+04
-9.719360905813980207e+04
-9.719954843000009714e+04
-9.719210204881690152e+04
-9.720506450745930488e+04
-9.720217602981999516e+04
-9.719884851332579274e+04
-9.719773100991779938e+04
-9.719839374293069704e+04
-9.719454505883689853e+04
-9.719805377502899501e+04
-9.720364174082339741e+04
-9.719283400023750437e+04
-9.719397094444300456e+04
-9.719849041860540456e+04
-9.719341237964309403e+04
-9.719954537404250004e+04
-9.719552139001060277e+04
-9.720006420216959668e+04
-9.719614221129850193e+04
-9.719601492923550541e+04
-9.719904887248500017e+04
-9.719595936416920449e+04
-9.719519643209069909e+04
-9.720046964071100228e+04
-9.720015733831119724e+04
-9.719203332090280310e+04
-9.719911769217929395e+04
-9.719011641639520531e+04
-9.719342882098090195e+04
-9.719569325949090126e+04
-9.719875547357650066e+04
-9.719136700500329607e+04
-9.719865260965689959e+04
-9.719361644898199302e+04
-9.719389802876929753e+04
-9.720016934514360037e+04
-9.719374715758240200e+04
-9.720286971512649325e+04
-9.720083649098509341e+04
-9.720080719534700620e+04
-9.718857734165560396e+04
-9.719200290868259617e+04
-9.719075443655339768e+04
-9.720097536802270042e+04
-9.719509618805740320e+04
-9.719021343336309656e+04
-9.719226933505269699e+04
-9.720047456294270523e+04
-9.718808103265200043e+04
-9.719592149561540282e+04
-9.720037846423790324e+04
-9.719244627757949638e+04
-9.719430842251870490e+04
-9.719289306932409818e+04
-9.719654511066479608e+04
-9.720213321551299305e+04
-9.719806157357820484e+04
-9.718252298443339532e+04
-9.719423652449829387e+04
-9.720367099218550720e+04
-9.719916117915669747e+04
-9.719238453003330505e+04
-9.719026909205449920e+04
-9.719557016703230329e+04
-9.719924644226419332e+04
-9.719870229110549553e+04
-9.720236797679410665e+04
-9.720287539673550054e+04
-9.720120817240250472e+04
-9.719509394543840608e+04
-9.719745980152300035e+04
-9.719859319743230299e+04
-9.719028566921770107e+04
-9.720010471897400566e+04
-9.719549148557930312e+04
-9.718632190290829749e+04
-9.719198664029750216e+04
-9.718953488141129492e+04
-9.719991852694080444e+04
-9.719896959791980044e+04
-9.719249234316519869e+04
-9.719981817314030195e+04
-9.719728544475320086e+04
-9.719600348622859747e+04
-9.719659941040970443e+04
-9.719057221920219308e+04
-9.719747882446690346e+04
-9.719974000685549981e+04
-9.719081212063529529e+04
-9.719341602779050299e+04
-9.719809786042249470e+04
-9.720114993002949632e+04
-9.720074277280029492e+04
-9.719481439680670155e+04
-9.720135326028420241e+04
-9.719730119059080607e+04
-9.719831275659569656e+04
-9.719686186509570689e+04
-9.719293319733090175e+04
-9.720199427321460098e+04
-9.720003826642459899e+04
-9.719725485981100064e+04
-9.718895945142449636e+04
-9.720375622346969612e+04
-9.720110669879139459e+04
-9.719890005413049948e+04
-9.719333598462390364e+04
-9.719956340954219922e+04
-9.719959441741119372e+04
-9.720065812263690168e+04
-9.719644403276919911e+04
-9.718872805118940596e+04
-9.720152687566360692e+04
-9.719557576424040599e+04
-9.719558938160770049e+04
-9.719987942950100114e+04
-9.719226343160310353e+04
-9.720023318380229466e+04
-9.719721200630140083e+04
-9.719483647201859276e+04
-9.719497207909860299e+04
-9.719672883616290346e+04
-9.720251557479490293e+04
-9.719978895682989969e+04
-9.719350400902140245e+04
-9.720292542870150646e+04
-9.719073214941700280e+04
-9.718725687972579908e+04
-9.719702395860190154e+04
-9.719870147015710245e+04
-9.719221066006760520e+04
-9.719818412204319611e+04
-9.719716936402459396e+04
-9.719504159406239341e+04
-9.719674265323279542e+04
-9.719619180165880243e+04
-9.719802556691710197e+04
-9.719345456647800165e+04
-9.719259414838420344e+04
-9.719957312947970058e+04
-9.718889181518739497e+04
-9.719552628503109736e+04
-9.719717718517289904e+04
-9.719302517722650373e+04
-9.719483669063070556e+04
-9.719666426049539587e+04
-9.720276735922640364e+04
-9.720069828246699763e+04
-9.719484227815350459e+04
-9.719917091454469482e+04
-9.719320509638330259e+04
-9.719813817752420437e+04
-9.719181715341249947e+04
-9.718997787949780468e+04
-9.718601841209889972e+04
-9.720156409483790048e+04
-9.719759581976900517e+04
-9.720199834405820002e+04
-9.719809082332609978e+04
-9.719616121717779606e+04
-9.719894761748600286e+04
-9.719815644224389689e+04
-9.719822709984809626e+04
-9.719565232783090323e+04
-9.719924657347760512e+04
-9.719812458206429437e+04
-9.719608379758719821e+04
-9.719210889543479425e+04
-9.719884166140400339e+04
-9.719767139983549714e+04
-9.719937505490939657e+04
-9.718916526597070333e+04
-9.720025038474799658e+04
-9.719571439314869349e+04
-9.719184503867950116e+04
-9.719530537679400004e+04
-9.720117806757679500e+04
-9.719640395987659576e+04
-9.719624096793920035e+04
-9.719288033678240026e+04
-9.719299639352830127e+04
-9.719872283534069720e+04
-9.720194135432339681e+04
-9.719981158318409871e+04
-9.719607543405939941e+04
-9.719596330449120433e+04
-9.719981796790320368e+04
-9.720171555867580173e+04
-9.719484533019080118e+04
-9.718992656652939331e+04
-9.719417089082190068e+04
-9.719606044298710185e+04
-9.719508561442579958e+04
-9.720098488157009706e+04
-9.719317410188929352e+04
-9.719020423435889825e+04
-9.719710863874379720e+04
-9.719894616399210645e+04
-9.719700289181919652e+04
-9.719767332445230568e+04
-9.719208889496269694e+04
-9.719558341474219924e+04
-9.719942961661990557e+04
-9.719184852286780369e+04
-9.720182830418599769e+04
-9.719786799715980305e+04
-9.720391958529519616e+04
-9.719437409770369413e+04
-9.720063285448899842e+04
-9.719479641849669861e+04
-9.719332052496519464e+04
-9.719524073286789644e+04
-9.719525009606180538e+04
-9.719960890530669712e+04
-9.719566683371350518e+04
-9.720119855231630208e+04
-9.719506408781959908e+04
-9.719311518592349603e+04
-9.719818292451920570e+04
-9.720173063622439804e+04
-9.719472997632439365e+04
-9.719979053438840492e+04
-9.718782677707349649e+04
-9.719209797566730413e+04
-9.719338519702499616e+04
-9.719818868753130664e+04
-9.719952237803080061e+04
-9.719623315878229914e+04
-9.720077613236379693e+04
-9.720078886098519433e+04
-9.719679458906120271e+04
-9.719253591269870230e+04
-9.719806014452829550e+04
-9.719799058206009795e+04
-9.719795979234199331e+04
-9.719592949225299526e+04
-9.718675525139129604e+04
-9.719211217092690640e+04
-9.720051389859590563e+04
-9.719526680190170009e+04
-9.720229130528119276e+04
-9.719797268123280082e+04
-9.718356322782840289e+04
-9.719388203434119350e+04
-9.720059844245109707e+04
-9.720196633629240387e+04
-9.719627357296810078e+04
-9.719507381767309562e+04
-9.720103693085549457e+04
-9.720019064506649738e+04
-9.719398445227359480e+04
-9.719845038399299665e+04
-9.718699200047459453e+04
-9.719797245085990289e+04
-9.719859968430880690e+04
-9.719831975172230159e+04
-9.719673712036300276e+04
-9.719244660757310339e+04
-9.720080568812259298e+04
-9.719481806109640456e+04
-9.719388150187769497e+04
-9.719099091882849461e+04
-9.719485297584990622e+04
-9.720103492852530326e+04
-9.720300182648800546e+04
-9.719065703401650535e+04
-9.719353566188849800e+04
-9.719329202168079792e+04
-9.719718822716029536e+04
-9.719783553902529820e+04
-9.719645176836369501e+04
-9.719390378417150350e+04
-9.718965262571359926e+04
-9.719865813676160178e+04
-9.719818009109399281e+04
-9.719693204119980510e+04
-9.719276180197129725e+04
-9.719814815297040332e+04
-9.719777660968450073e+04
-9.720145055743529520e+04
-9.719962662972230464e+04
-9.719448065958099323e+04
-9.719595646156290604e+04
-9.719297350013519463e+04
-9.719787086748149886e+04
-9.719665604847410577e+04
-9.719804131552189938e+04
-9.719877479146230326e+04
-9.719270803445929778e+04
-9.719040116744190163e+04
-9.720115659908279486e+04
-9.719079639486029919e+04
-9.719817204787449737e+04
-9.719284627157219802e+04
-9.719671512609299680e+04
-9.719853412880700489e+04
-9.718853105999440595e+04
-9.719701630694720370e+04
-9.719498908357009350e+04
-9.719990740608700435e+04
-9.719947231216619548e+04
-9.720017798608739395e+04
-9.718623078316380270e+04
-9.719489468718039279e+04
-9.719774429798329948e+04
-9.719605316191220481e+04
-9.719618647379550384e+04
-9.719734406347110053e+04
-9.719478394400040270e+04
-9.720223395926400553e+04
-9.719498788766030339e+04
-9.720550065062609792e+04
-9.719807371508309734e+04
-9.719394798440550221e+04
-9.719156789547299559e+04
-9.719887447974110546e+04
-9.720061600959510542e+04
-9.719655853616990498e+04
-9.719753883072600001e+04
-9.720439402386279835e+04
-9.720157044150750153e+04
-9.719150316299509723e+04
-9.719064084749559697e+04
-9.719136725151850260e+04
-9.720111707917730382e+04
-9.719597652844889672e+04
-9.719921587346419983e+04
-9.720057416497579834e+04
-9.718888233461629716e+04
-9.719834853449820366e+04
-9.719905092969880207e+04
-9.719282436193370086e+04
-9.719513151928089792e+04
-9.720012184451229405e+04
