0.000 0.0 1.0
0.100 0.0 1.0
0.200 0.0 1.0
0.300 0.0 1.0
0.400 0.0 1.0
0.500 0.0 1.0
0.600 0.0 1.0
0.700 0.0 1.0
0.800 0.0 1.0
0.900 0.0 1.0
1.000 0.0 1.0
1.100 0.0 1.0
1.200 0.0 1.0
1.300 0.0 1.0
1.400 0.0 1.0
1.500 0.0 1.0
1.600 0.0 1.0
1.700 0.0 1.0
1.800 0.0 1.0
1.900 0.0 1.0
2.000 0.0 1.0
2.100 0.0 1.0
2.200 0.0 1.0
2.300 0.0 1.0
2.400 0.0 1.0
2.500 0.0 1.0
2.600 0.0 1.0
2.700 0.0 1.0
2.800 0.0 1.0
2.900 0.0 1.0
3.000 0.0 1.0
3.100 0.0 1.0
3.200 0.0 1.0
3.300 0.0 1.0
3.400 0.0 1.0
3.500 0.0 1.0
3.600 0.0 1.0
3.700 0.0 1.0
3.800 0.0 1.0
3.900 0.0 1.0
4.000 0.0 1.0
4.100 0.0 1.0
4.200 0.0 1.0
4.300 0.0 1.0
4.400 0.0 1.0
4.500 0.0 1.0
4.600 0.0 1.0
4.700 0.0 1.0
4.800 0.0 1.0
4.900 0.0 1.0
5.000 0.0 1.0
5.100 0.0 1.0
5.200 0.0 1.0
5.300 0.0 1.0
5.400 0.0 1.0
5.500 0.0 1.0
5.600 0.0 1.0
5.700 0.0 1.0
5.800 0.0 1.0
5.900 0.0 1.0
6.000 0.0 1.0
6.100 0.0 1.0
6.200 0.0 1.0
6.300 0.0 1.0
6.400 0.0 1.0
6.500 0.0 1.0
6.600 0.0 1.0
6.700 0.0 1.0
6.800 0.0 1.0
6.900 0.0 1.0
7.000 0.0 1.0
7.100 0.0 1.0
7.200 0.0 1.0
7.300 0.0 1.0
7.400 0.0 1.0
7.500 0.0 1.0
7.600 0.0 1.0
7.700 0.0 1.0
7.800 0.25 0.75
7.900 0.25 0.75
8.000 0.5 0.5
8.100 0.5 0.5
8.200 0.5 0.5
8.300 0.5 0.5
8.400 0.75 0.25
8.500 0.75 0.25
8.600 0.75 0.25
8.700 0.75 0.25
8.800 0.75 0.25
8.900 0.75 0.25
9.000 0.75 0.25
9.100 0.75 0.25
9.200 0.75 0.25
9.300 0.75 0.25
9.400 0.75 0.25
9.500 0.75 0.25
9.600 0.75 0.25
9.700 0.75 0.25
9.800 0.75 0.25
9.900 0.75 0.25
10.000 0.75 0.25
10.100 0.75 0.25
10.200 0.75 0.25
10.300 0.75 0.25
10.400 0.75 0.25
10.500 0.75 0.25
10.600 0.75 0.25
10.700 0.75 0.25
10.800 0.75 0.25
10.900 0.75 0.25
11.000 0.75 0.25
11.100 0.75 0.25
11.200 0.75 0.25
11.300 0.75 0.25
11.400 0.75 0.25
11.500 0.75 0.25
11.600 0.75 0.25
11.700 0.75 0.25
11.800 0.75 0.25
11.900 0.75 0.25
12.000 0.75 0.25
12.100 0.75 0.25
12.200 0.75 0.25
12.300 0.75 0.25
12.400 0.75 0.25
12.500 0.75 0.25
12.600 0.75 0.25
12.700 0.75 0.25
12.800 0.75 0.25
12.900 0.75 0.25
13.000 0.75 0.25
13.100 0.75 0.25
13.200 0.75 0.25
13.300 0.75 0.25
13.400 0.75 0.25
13.500 0.75 0.25
13.600 0.75 0.25
13.700 0.75 0.25
13.800 0.75 0.25
13.900 0.75 0.25
14.000 0.75 0.25
14.100 0.75 0.25
14.200 0.75 0.25
14.300 0.75 0.25
14.400 0.75 0.25
14.500 0.75 0.25
14.600 0.75 0.25
14.700 0.75 0.25
14.800 0.75 0.25
14.900 0.75 0.25
15.000 0.75 0.25
15.100 0.75 0.25
15.200 0.75 0.25
15.300 0.75 0.25
15.400 0.75 0.25
15.500 0.75 0.25
15.600 0.75 0.25
15.700 0.75 0.25
15.800 0.75 0.25
15.900 0.75 0.25
16.000 0.75 0.25
16.100 0.75 0.25
16.200 0.75 0.25
16.300 0.75 0.25
16.400 0.75 0.25
16.500 0.75 0.25
16.600 0.75 0.25
16.700 0.75 0.25
16.800 0.75 0.25
16.900 0.75 0.25
17.000 0.75 0.25
17.100 0.75 0.25
17.200 0.75 0.25
17.300 0.75 0.25
17.400 0.75 0.25
17.500 0.75 0.25
17.600 0.75 0.25
17.700 0.75 0.25
17.800 0.75 0.25
17.900 0.75 0.25
18.000 0.75 0.25
18.100 0.75 0.25
18.200 0.75 0.25
18.300 0.75 0.25
18.400 0.75 0.25
18.500 0.75 0.25
18.600 0.75 0.25
18.700 0.75 0.25
18.800 0.75 0.25
18.900 0.75 0.25
19.000 0.75 0.25
19.100 0.75 0.25
19.200 0.75 0.25
19.300 0.75 0.25
19.400 0.75 0.25
19.500 0.75 0.25
19.600 0.75 0.25
19.700 0.75 0.25
19.800 0.75 0.25
19.900 0.75 0.25
20.000 0.75 0.25
20.100 0.75 0.25
20.200 0.75 0.25
20.300 0.75 0.25
20.400 0.75 0.25
20.500 0.75 0.25
20.600 0.75 0.25
20.700 0.75 0.25
20.800 0.75 0.25
20.900 0.75 0.25
21.000 0.75 0.25
21.100 0.75 0.25
21.200 0.75 0.25
21.300 0.75 0.25
21.400 0.75 0.25
21.500 0.75 0.25
21.600 0.75 0.25
21.700 0.75 0.25
21.800 0.75 0.25
21.900 0.75 0.25
22.000 0.75 0.25
22.100 0.75 0.25
22.200 0.75 0.25
22.300 0.75 0.25
22.400 0.75 0.25
22.500 0.75 0.25
22.600 0.75 0.25
22.700 0.75 0.25
22.800 0.75 0.25
22.900 0.75 0.25
23.000 0.75 0.25
23.100 0.75 0.25
23.200 0.75 0.25
23.300 0.75 0.25
23.400 0.75 0.25
23.500 0.75 0.25
23.600 0.75 0.25
23.700 0.75 0.25
23.800 0.75 0.25
23.900 0.75 0.25
24.000 0.75 0.25
24.100 0.75 0.25
24.200 0.75 0.25
24.300 0.75 0.25
24.400 0.75 0.25
24.500 0.75 0.25
24.600 0.75 0.25
24.700 0.75 0.25
24.800 0.75 0.25
24.900 0.75 0.25
25.000 1.0 0.0
25.100 1.0 0.0
25.200 1.0 0.0
25.300 1.0 0.0
25.400 1.0 0.0
25.500 1.0 0.0
25.600 1.0 0.0
25.700 1.0 0.0
25.800 1.0 0.0
25.900 1.0 0.0
26.000 1.0 0.0
26.100 1.0 0.0
26.200 1.0 0.0
26.300 1.0 0.0
26.400 1.0 0.0
26.500 1.0 0.0
26.600 1.0 0.0
26.700 1.0 0.0
26.800 1.0 0.0
26.900 1.0 0.0
27.000 1.0 0.0
27.100 1.0 0.0
27.200 1.0 0.0
27.300 1.0 0.0
27.400 1.0 0.0
27.500 1.0 0.0
27.600 1.0 0.0
27.700 1.0 0.0
27.800 1.0 0.0
27.900 1.0 0.0
28.000 1.0 0.0
28.100 1.0 0.0
28.200 1.0 0.0
28.300 1.0 0.0
28.400 1.0 0.0
28.500 1.0 0.0
28.600 1.0 0.0
28.700 1.0 0.0
28.800 1.0 0.0
28.900 1.0 0.0
29.000 1.0 0.0
29.100 1.0 0.0
29.200 1.0 0.0
29.300 1.0 0.0
29.400 1.0 0.0
29.500 1.0 0.0
29.600 1.0 0.0
29.700 1.0 0.0
29.800 1.0 0.0
29.900 1.0 0.0
30.000 1.0 0.0
30.100 1.0 0.0
30.200 1.0 0.0
30.300 1.0 0.0
30.400 1.0 0.0
30.500 1.0 0.0
30.600 1.0 0.0
30.700 1.0 0.0
30.800 1.0 0.0
30.900 1.0 0.0
31.000 1.0 0.0
31.100 1.0 0.0
31.200 1.0 0.0
31.300 1.0 0.0
31.400 1.0 0.0
31.500 1.0 0.0
31.600 1.0 0.0
31.700 1.0 0.0
31.800 1.0 0.0
31.900 1.0 0.0
32.000 1.0 0.0
32.100 1.0 0.0
32.200 1.0 0.0
32.300 1.0 0.0
32.400 1.0 0.0
32.500 1.0 0.0
32.600 1.0 0.0
32.700 1.0 0.0
32.800 1.0 0.0
32.900 1.0 0.0
33.000 1.0 0.0
33.100 1.0 0.0
33.200 1.0 0.0
33.300 1.0 0.0
33.400 1.0 0.0
33.500 1.0 0.0
33.600 1.0 0.0
33.700 1.0 0.0
33.800 1.0 0.0
33.900 1.0 0.0
34.000 1.0 0.0
34.100 1.0 0.0
34.200 1.0 0.0
34.300 1.0 0.0
34.400 1.0 0.0
34.500 1.0 0.0
34.600 1.0 0.0
34.700 1.0 0.0
34.800 1.0 0.0
34.900 1.0 0.0
35.000 1.0 0.0
35.100 1.0 0.0
35.200 1.0 0.0
35.300 1.0 0.0
35.400 1.0 0.0
35.500 1.0 0.0
35.600 1.0 0.0
35.700 1.0 0.0
35.800 1.0 0.0
35.900 1.0 0.0
36.000 1.0 0.0
36.100 1.0 0.0
36.200 1.0 0.0
36.300 1.0 0.0
36.400 1.0 0.0
36.500 1.0 0.0
36.600 1.0 0.0
36.700 1.0 0.0
36.800 1.0 0.0
36.900 1.0 0.0
37.000 1.0 0.0
37.100 1.0 0.0
37.200 1.0 0.0
37.300 1.0 0.0
37.400 1.0 0.0
37.500 1.0 0.0
37.600 1.0 0.0
37.700 1.0 0.0
37.800 1.0 0.0
37.900 1.0 0.0
38.000 1.0 0.0
38.100 1.0 0.0
38.200 1.0 0.0
38.300 1.0 0.0
38.400 1.0 0.0
38.500 1.0 0.0
38.600 1.0 0.0
38.700 1.0 0.0
38.800 1.0 0.0
38.900 1.0 0.0
39.000 1.0 0.0
39.100 1.0 0.0
39.200 1.0 0.0
39.300 1.0 0.0
39.400 1.0 0.0
39.500 1.0 0.0
39.600 1.0 0.0
39.700 1.0 0.0
39.800 1.0 0.0
39.900 1.0 0.0
40.000 1.0 0.0
40.100 1.0 0.0
40.200 1.0 0.0
40.300 1.0 0.0
40.400 1.0 0.0
40.500 1.0 0.0
40.600 1.0 0.0
40.700 1.0 0.0
40.800 1.0 0.0
40.900 1.0 0.0
41.000 1.0 0.0
41.100 1.0 0.0
41.200 1.0 0.0
41.300 1.0 0.0
41.400 1.0 0.0
41.500 1.0 0.0
41.600 1.0 0.0
41.700 1.0 0.0
41.800 1.0 0.0
41.900 1.0 0.0
42.000 1.0 0.0
42.100 1.0 0.0
42.200 1.0 0.0
42.300 1.0 0.0
42.400 1.0 0.0
42.500 1.0 0.0
42.600 1.0 0.0
42.700 1.0 0.0
42.800 1.0 0.0
42.900 1.0 0.0
43.000 1.0 0.0
43.100 1.0 0.0
43.200 1.0 0.0
43.300 1.0 0.0
43.400 1.0 0.0
43.500 1.0 0.0
43.600 1.0 0.0
43.700 1.0 0.0
43.800 1.0 0.0
43.900 1.0 0.0
44.000 1.0 0.0
44.100 1.0 0.0
44.200 1.0 0.0
44.300 1.0 0.0
44.400 1.0 0.0
44.500 1.0 0.0
44.600 1.0 0.0
44.700 1.0 0.0
44.800 1.0 0.0
44.900 1.0 0.0
45.000 1.0 0.0
45.100 1.0 0.0
45.200 1.0 0.0
45.300 1.0 0.0
45.400 1.0 0.0
45.500 1.0 0.0
45.600 1.0 0.0
45.700 1.0 0.0
45.800 1.0 0.0
45.900 1.0 0.0
46.000 1.0 0.0
46.100 1.0 0.0
46.200 1.0 0.0
46.300 1.0 0.0
46.400 1.0 0.0
46.500 1.0 0.0
46.600 1.0 0.0
46.700 1.0 0.0
46.800 1.0 0.0
46.900 1.0 0.0
47.000 1.0 0.0
47.100 1.0 0.0
47.200 1.0 0.0
47.300 1.0 0.0
47.400 1.0 0.0
47.500 1.0 0.0
47.600 1.0 0.0
47.700 1.0 0.0
47.800 1.0 0.0
47.900 1.0 0.0
48.000 1.0 0.0
48.100 1.0 0.0
48.200 1.0 0.0
48.300 1.0 0.0
48.400 1.0 0.0
48.500 1.0 0.0
48.600 1.0 0.0
48.700 1.0 0.0
48.800 1.0 0.0
48.900 1.0 0.0
49.000 1.0 0.0
49.100 1.0 0.0
49.200 1.0 0.0
49.300 1.0 0.0
49.400 1.0 0.0
49.500 1.0 0.0
49.600 1.0 0.0
49.700 1.0 0.0
49.800 1.0 0.0
49.900 1.0 0.0
50.000 1.0 0.0
50.100 1.0 0.0
50.200 1.0 0.0
50.300 1.0 0.0
50.400 1.0 0.0
50.500 1.0 0.0
50.600 1.0 0.0
50.700 1.0 0.0
50.800 1.0 0.0
50.900 1.0 0.0
51.000 1.0 0.0
51.100 1.0 0.0
51.200 1.0 0.0
51.300 1.0 0.0
51.400 1.0 0.0
51.500 1.0 0.0
51.600 1.0 0.0
51.700 1.0 0.0
51.800 1.0 0.0
51.900 1.0 0.0
52.000 1.0 0.0
52.100 1.0 0.0
52.200 1.0 0.0
52.300 1.0 0.0
52.400 1.0 0.0
52.500 1.0 0.0
52.600 1.0 0.0
52.700 1.0 0.0
52.800 1.0 0.0
52.900 1.0 0.0
53.000 1.0 0.0
53.100 1.0 0.0
53.200 1.0 0.0
53.300 1.0 0.0
53.400 1.0 0.0
53.500 1.0 0.0
53.600 1.0 0.0
53.700 1.0 0.0
53.800 1.0 0.0
53.900 1.0 0.0
54.000 1.0 0.0
54.100 1.0 0.0
54.200 1.0 0.0
54.300 1.0 0.0
54.400 1.0 0.0
54.500 1.0 0.0
54.600 1.0 0.0
54.700 1.0 0.0
54.800 1.0 0.0
54.900 1.0 0.0
55.000 1.0 0.0
55.100 1.0 0.0
55.200 1.0 0.0
55.300 1.0 0.0
55.400 1.0 0.0
55.500 1.0 0.0
55.600 1.0 0.0
55.700 1.0 0.0
55.800 1.0 0.0
55.900 1.0 0.0
56.000 1.0 0.0
56.100 1.0 0.0
56.200 1.0 0.0
56.300 1.0 0.0
56.400 1.0 0.0
56.500 1.0 0.0
56.600 1.0 0.0
56.700 1.0 0.0
56.800 1.0 0.0
56.900 1.0 0.0
57.000 1.0 0.0
57.100 1.0 0.0
57.200 1.0 0.0
57.300 1.0 0.0
57.400 1.0 0.0
57.500 1.0 0.0
57.600 1.0 0.0
57.700 1.0 0.0
57.800 1.0 0.0
57.900 1.0 0.0
58.000 1.0 0.0
58.100 1.0 0.0
58.200 1.0 0.0
58.300 1.0 0.0
58.400 1.0 0.0
58.500 1.0 0.0
58.600 1.0 0.0
58.700 1.0 0.0
58.800 1.0 0.0
58.900 1.0 0.0
59.000 1.0 0.0
59.100 1.0 0.0
59.200 1.0 0.0
59.300 1.0 0.0
59.400 1.0 0.0
59.500 1.0 0.0
59.600 1.0 0.0
59.700 1.0 0.0
59.800 1.0 0.0
59.900 1.0 0.0
60.000 1.0 0.0
